0000000 -1981262882 -1589744265  2082855823  -756981298
0000020  1288919558  1853291876   637092618  -561615127
0000040 -1630306760  -315374572  -611448134   335632383
0000060 -1328226865 -1038255512  1724425435   121472547
0000100  -837460470 -1678320323 -1468181546 -1084932059
0000120 -1674645022   -40964586   380968708  -870162958
0000140 -1551020694  -792910184 -1686384727 -1423488416
0000160   300201921  1050108700  1978641270 -1870493173
0000200   430042725 -1557307230  -768629999  1315184933
0000220  1575149632       63317
0000226
